establishment.probs <- list(
    # from patchy-landscapes/analyses/establishment-probs/desert_veg-central-saline.tif_speed.html
     "central saline" = structure(c(0.025, 0.040625, 0.05625, 0.071875, 0.0875, 0.103125, 
                                     0.11875, 0.134375, 0.15, 0.165625, 0.18125, 0.196875, 0.2125, 
                                     0.228125, 0.24375, 0.259375, 0.275, 0.290625, 0.30625, 0.321875, 
                                     0.3375, 0.353125, 0.36875, 0.384375, 0.4, 0.0732394366197183, 
                                     0.0793650793650794, 0.0788177339901478, 0.0764331210191083, 0.10347271438696, 
                                     0.10263720598717, 0.117814052519517, 0.123508771929825, 0.127183787561146, 
                                     0.127375087966221, 0.137858642407278, 0.149190710767065, 0.153684210526316, 
                                     0.181560283687943, 0.186240444753301, 0.184266477675408, 0.211087420042644, 
                                     0.21583742116328, 0.234507042253521, 0.24876673713883, 0.226618705035971, 
                                     0.223314606741573, 0.264310954063604, 0.27574047954866, 0.297259311314125
                                     ), .Dim = c(25L, 2L), .Dimnames = list(NULL, c("s", "p_estab"))),
    # from patchy-landscapes/analyses/establishment-probs/desert_veg-central-woods_chaparral.tif_speed.html
    "central woods/chaparral" =
            structure(c(0.025, 0.040625, 0.05625, 0.071875, 0.0875, 0.103125, 
            0.11875, 0.134375, 0.15, 0.165625, 0.18125, 0.196875, 0.2125, 
            0.228125, 0.24375, 0.259375, 0.275, 0.290625, 0.30625, 0.321875, 
            0.3375, 0.353125, 0.36875, 0.384375, 0.4, 0.105263157894737, 
            0.0845070422535211, 0.102272727272727, 0.08, 0.123287671232877, 
            0.114285714285714, 0.138888888888889, 0.142857142857143, 0.147058823529412, 
            0.155844155844156, 0.149253731343284, 0.144736842105263, 0.146666666666667, 
            0.164383561643836, 0.205128205128205, 0.164179104477612, 0.191780821917808, 
            0.211267605633803, 0.25, 0.278481012658228, 0.168831168831169, 
            0.228571428571429, 0.306666666666667, 0.26027397260274, 0.291666666666667
            ), .Dim = c(25L, 2L), .Dimnames = list(NULL, c("s", "p_estab"
            ))),
    # from patchy-landscapes/analyses/establishment-probs/desert_veg-central-wash_wetland.tif_speed.html
    "central wash/wetland" = 
            structure(c(0.025, 0.040625, 0.05625, 0.071875, 0.0875, 0.103125, 
            0.11875, 0.134375, 0.15, 0.165625, 0.18125, 0.196875, 0.2125, 
            0.228125, 0.24375, 0.259375, 0.275, 0.290625, 0.30625, 0.321875, 
            0.3375, 0.353125, 0.36875, 0.384375, 0.4, 0.0708661417322835, 
            0.08, 0.0852713178294574, 0.0476190476190476, 0.075, 0.0725806451612903, 
            0.075, 0.0793650793650794, 0.119047619047619, 0.134328358208955, 
            0.114503816793893, 0.116279069767442, 0.177304964539007, 0.193798449612403, 
            0.148936170212766, 0.210526315789474, 0.153225806451613, 0.226277372262774, 
            0.162790697674419, 0.171875, 0.220472440944882, 0.241935483870968, 
            0.293650793650794, 0.31496062992126, 0.19327731092437), .Dim = c(25L, 
            2L), .Dimnames = list(NULL, c("s", "p_estab"))),
    # from patchy-landscapes/analyses/establishment-probs/desert_veg-central-saline.tif_speed_2.html
    "central saline" =
            structure(c(0.025, 0.040625, 0.05625, 0.071875, 0.0875, 0.103125, 
            0.11875, 0.134375, 0.15, 0.165625, 0.18125, 0.196875, 0.2125, 
            0.228125, 0.24375, 0.259375, 0.275, 0.290625, 0.30625, 0.321875, 
            0.3375, 0.353125, 0.36875, 0.384375, 0.4, 0.0816326530612245, 
            0.049645390070922, 0.0743243243243243, 0.101449275362319, 0.0785714285714286, 
            0.0808823529411765, 0.113636363636364, 0.124087591240876, 0.111888111888112, 
            0.148936170212766, 0.140845070422535, 0.182481751824818, 0.161971830985915, 
            0.194029850746269, 0.236111111111111, 0.17910447761194, 0.24203821656051, 
            0.147058823529412, 0.172185430463576, 0.211678832116788, 0.18705035971223, 
            0.195945945945946, 0.330985915492958, 0.235294117647059, 0.297872340425532
            ), .Dim = c(25L, 2L), .Dimnames = list(NULL, c("s", "p_estab"
            ))),
    # from patchy-landscapes/analyses/establishment-probs/desert_veg-central-scrub.tif_speed_2.html
    "central scrub" =
            structure(c(0.025, 0.040625, 0.05625, 0.071875, 0.0875, 0.103125, 
            0.11875, 0.134375, 0.15, 0.165625, 0.18125, 0.196875, 0.2125, 
            0.228125, 0.24375, 0.259375, 0.275, 0.290625, 0.30625, 0.321875, 
            0.3375, 0.353125, 0.36875, 0.384375, 0.4, 0.0858895705521472, 
            0.0429447852760736, 0.0470588235294118, 0.0751445086705202, 0.0853658536585366, 
            0.127906976744186, 0.114285714285714, 0.0848484848484849, 0.125748502994012, 
            0.162790697674419, 0.0782122905027933, 0.16969696969697, 0.189024390243902, 
            0.181286549707602, 0.155688622754491, 0.181818181818182, 0.223463687150838, 
            0.192982456140351, 0.279329608938547, 0.236842105263158, 0.226744186046512, 
            0.225609756097561, 0.223529411764706, 0.257668711656442, 0.315151515151515
            ), .Dim = c(25L, 2L), .Dimnames = list(NULL, c("s", "p_estab"
            ))),
    # from patchy-landscapes/analyses/establishment-probs/desert_veg-central-wash_wetland.tif_speed_2.html
    "central wash/wetland" =
            structure(c(0.025, 0.040625, 0.05625, 0.071875, 0.0875, 0.103125, 
            0.11875, 0.134375, 0.15, 0.165625, 0.18125, 0.196875, 0.2125, 
            0.228125, 0.24375, 0.259375, 0.275, 0.290625, 0.30625, 0.321875, 
            0.3375, 0.353125, 0.36875, 0.384375, 0.4, 0.124031007751938, 
            0.0465116279069767, 0.0775193798449612, 0.0775193798449612, 0.0983606557377049, 
            0.118110236220472, 0.140495867768595, 0.152671755725191, 0.112903225806452, 
            0.152671755725191, 0.131782945736434, 0.0909090909090909, 0.255813953488372, 
            0.216666666666667, 0.179487179487179, 0.176, 0.1796875, 0.184873949579832, 
            0.147286821705426, 0.206611570247934, 0.292307692307692, 0.252032520325203, 
            0.2, 0.272727272727273, 0.282442748091603), .Dim = c(25L, 2L), .Dimnames = list(
                NULL, c("s", "p_estab"))),
    # from desert_veg-central-scrub.tif_speed.html
    "central scrub" =
            structure(c(0.025, 0.040625, 0.05625, 0.071875, 0.0875, 0.103125, 
            0.11875, 0.134375, 0.15, 0.165625, 0.18125, 0.196875, 0.2125, 
            0.228125, 0.24375, 0.259375, 0.275, 0.290625, 0.30625, 0.321875, 
            0.3375, 0.353125, 0.36875, 0.384375, 0.4, 0.0727380248373743, 
            0.0734328358208955, 0.0756402620607504, 0.0808259587020649, 0.0854952830188679, 
            0.087962962962963, 0.106888361045131, 0.114234449760766, 0.124096385542169, 
            0.121194029850746, 0.155449672424062, 0.149675898644667, 0.150875075437538, 
            0.183819155264723, 0.175164967006599, 0.2048549437537, 0.184023668639053, 
            0.213991769547325, 0.218417945690673, 0.224477611940298, 0.230306674684305, 
            0.227945529899349, 0.281398104265403, 0.273601924233313, 0.284023668639053
            ), .Dim = c(25L, 2L),