establishment.probs <- list(
     "central saline" = structure(c(0.025, 0.040625, 0.05625, 0.071875, 0.0875, 0.103125, 
                                     0.11875, 0.134375, 0.15, 0.165625, 0.18125, 0.196875, 0.2125, 
                                     0.228125, 0.24375, 0.259375, 0.275, 0.290625, 0.30625, 0.321875, 
                                     0.3375, 0.353125, 0.36875, 0.384375, 0.4, 0.0732394366197183, 
                                     0.0793650793650794, 0.0788177339901478, 0.0764331210191083, 0.10347271438696, 
                                     0.10263720598717, 0.117814052519517, 0.123508771929825, 0.127183787561146, 
                                     0.127375087966221, 0.137858642407278, 0.149190710767065, 0.153684210526316, 
                                     0.181560283687943, 0.186240444753301, 0.184266477675408, 0.211087420042644, 
                                     0.21583742116328, 0.234507042253521, 0.24876673713883, 0.226618705035971, 
                                     0.223314606741573, 0.264310954063604, 0.27574047954866, 0.297259311314125
                                     ), .Dim = c(25L, 2L), .Dimnames = list(NULL, c("s", "p_estab")))
)
