low.density.establishment.probs <- list(
    # from desert_veg-central-saline.tif_prob.html 
    "central saline" =
            structure(c(0.025, 0.040625, 0.05625, 0.071875, 0.0875, 0.103125, 
            0.11875, 0.134375, 0.15, 0.165625, 0.18125, 0.196875, 0.2125, 
            0.228125, 0.24375, 0.259375, 0.275, 0.290625, 0.30625, 0.321875, 
            0.3375, 0.353125, 0.36875, 0.384375, 0.4, 0.0620567375886525, 
            0.0723327305605787, 0.0816696914700544, 0.111317254174397, 0.106813996316759, 
            0.107547169811321, 0.133815551537071, 0.107078039927405, 0.114490161001789, 
            0.128014842300557, 0.119485294117647, 0.13768115942029, 0.156363636363636, 
            0.207939508506616, 0.175502742230347, 0.190909090909091, 0.2015065913371, 
            0.216457960644007, 0.2174688057041, 0.221428571428571, 0.248677248677249, 
            0.278571428571429, 0.280075187969925, 0.277673545966229, 0.275415896487985
            ), .Dim = c(25L, 2L), .Dimnames = list(NULL, c("s", "p_estab"
            ))),
    # from desert_veg-central-scrub.tif_prob.html 
    "central scrub" =
            structure(c(0.025, 0.040625, 0.05625, 0.071875, 0.0875, 0.103125, 
            0.11875, 0.134375, 0.15, 0.165625, 0.18125, 0.196875, 0.2125, 
            0.228125, 0.24375, 0.259375, 0.275, 0.290625, 0.30625, 0.321875, 
            0.3375, 0.353125, 0.36875, 0.384375, 0.4, 0.0520231213872832, 
            0.063953488372093, 0.074438202247191, 0.0909090909090909, 0.0807365439093484, 
            0.100981767180926, 0.106413994169096, 0.106413994169096, 0.118942731277533, 
            0.132947976878613, 0.155714285714286, 0.170940170940171, 0.174041297935103, 
            0.182076813655761, 0.197122302158273, 0.225433526011561, 0.209912536443149, 
            0.199417758369723, 0.211864406779661, 0.234620886981402, 0.264367816091954, 
            0.229485396383866, 0.243440233236152, 0.295389048991354, 0.308259587020649
            ), .Dim = c(25L, 2L), .Dimnames = list(NULL, c("s", "p_estab"
            ))),
    # from desert_veg-central-wash_wetland.tif_prob.html 
    "central wash/wetland" =
            structure(c(0.025, 0.040625, 0.05625, 0.071875, 0.0875, 0.103125, 
            0.11875, 0.134375, 0.15, 0.165625, 0.18125, 0.196875, 0.2125, 
            0.228125, 0.24375, 0.259375, 0.275, 0.290625, 0.30625, 0.321875, 
            0.3375, 0.353125, 0.36875, 0.384375, 0.4, 0.0429184549356223, 
            0.0471311475409836, 0.0506329113924051, 0.0770833333333333, 0.0547368421052632, 
            0.0774058577405858, 0.0757894736842105, 0.0805785123966942, 0.0954356846473029, 
            0.0838709677419355, 0.098326359832636, 0.127310061601643, 0.133192389006343, 
            0.14468085106383, 0.136659436008677, 0.137214137214137, 0.125531914893617, 
            0.140495867768595, 0.157112526539278, 0.159574468085106, 0.18580375782881, 
            0.205761316872428, 0.208067940552017, 0.186295503211991, 0.172489082969432
            ), .Dim = c(25L, 2L), .Dimnames = list(NULL, c("s", "p_estab"
            ))),
    # from desert_veg-central-woods_chaparral.tif_prob.html 
    "central woods/chaparral" =
            structure(c(0.025, 0.040625, 0.05625, 0.071875, 0.0875, 0.103125, 
            0.11875, 0.134375, 0.15, 0.165625, 0.18125, 0.196875, 0.2125, 
            0.228125, 0.24375, 0.259375, 0.275, 0.290625, 0.30625, 0.321875, 
            0.3375, 0.353125, 0.36875, 0.384375, 0.4, 0.0566801619433198, 
            0.0840336134453782, 0.102127659574468, 0.1125, 0.0893617021276596, 
            0.0932203389830508, 0.120171673819742, 0.0871369294605809, 0.100401606425703, 
            0.153543307086614, 0.173387096774194, 0.19047619047619, 0.193965517241379, 
            0.168067226890756, 0.189873417721519, 0.163793103448276, 0.2125, 
            0.2, 0.179487179487179, 0.200854700854701, 0.256637168141593, 
            0.240343347639485, 0.218623481781377, 0.277056277056277, 0.333333333333333
            ), .Dim = c(25L, 2L), .Dimnames = list(NULL, c("s", "p_estab"
            ))),
    # from desert_veg-western-saline.tif_prob.html 
    "western saline" =
            structure(c(0.025, 0.040625, 0.05625, 0.071875, 0.0875, 0.103125, 
            0.11875, 0.134375, 0.15, 0.165625, 0.18125, 0.196875, 0.2125, 
            0.228125, 0.24375, 0.259375, 0.275, 0.290625, 0.30625, 0.321875, 
            0.3375, 0.353125, 0.36875, 0.384375, 0.4, 0.0658307210031348, 
            0.0533333333333333, 0.0786163522012579, 0.0580645161290323, 0.0924092409240924, 
            0.0830769230769231, 0.0856164383561644, 0.112244897959184, 0.12012987012987, 
            0.096875, 0.168831168831169, 0.151234567901235, 0.131147540983607, 
            0.120634920634921, 0.142394822006472, 0.201954397394137, 0.203333333333333, 
            0.189759036144578, 0.216216216216216, 0.167235494880546, 0.178807947019868, 
            0.213815789473684, 0.215277777777778, 0.230031948881789, 0.231543624161074
            ), .Dim = c(25L, 2L), .Dimnames = list(NULL, c("s", "p_estab"
            ))),
    # from desert_veg-western-scrub.tif_prob.html 
    "western scrub" =
            structure(c(0.025, 0.040625, 0.05625, 0.071875, 0.0875, 0.103125, 
            0.11875, 0.134375, 0.15, 0.165625, 0.18125, 0.196875, 0.2125, 
            0.228125, 0.24375, 0.259375, 0.275, 0.290625, 0.30625, 0.321875, 
            0.3375, 0.353125, 0.36875, 0.384375, 0.4, 0.0558139534883721, 
            0.0512195121951219, 0.0833333333333333, 0.0869565217391304, 0.0911330049261084, 
            0.0972850678733032, 0.116822429906542, 0.100478468899522, 0.0951219512195122, 
            0.156769596199525, 0.141509433962264, 0.121951219512195, 0.180522565320665, 
            0.127403846153846, 0.163414634146341, 0.221176470588235, 0.205741626794258, 
            0.196517412935323, 0.214622641509434, 0.224137931034483, 0.2, 
            0.238425925925926, 0.239506172839506, 0.254950495049505, 0.288095238095238
            ), .Dim = c(25L, 2L), .Dimnames = list(NULL, c("s", "p_estab"
            ))),
    # from establishment-probs_low-density/Yucca_brevifolia_broad_extent_avg_cleaned.tif_5338_prob.html
    "yucca" =
            structure(c(0.025, 0.040625, 0.05625, 0.071875, 0.0875, 0.103125, 
            0.11875, 0.134375, 0.15, 0.165625, 0.18125, 0.196875, 0.2125, 
            0.228125, 0.24375, 0.259375, 0.275, 0.290625, 0.30625, 0.321875, 
            0.3375, 0.353125, 0.36875, 0.384375, 0.4, 0.0619195046439628, 
            0.0568862275449102, 0.05, 0.0578778135048231, 0.0788643533123028, 
            0.103448275862069, 0.115015974440895, 0.109422492401216, 0.109375, 
            0.115625, 0.107142857142857, 0.145015105740181, 0.153374233128834, 
            0.162650602409639, 0.175, 0.171253822629969, 0.181818181818182, 
            0.219219219219219, 0.215434083601286, 0.203030303030303, 0.2125, 
            0.232198142414861, 0.301538461538462, 0.22884012539185, 0.25625
            ), .Dim = c(25L, 2L),